	common constants, e, me, mi, c, e0, u0, II

	e	= 1.60217646d-19
	_e	= 1.60217646d-19
   	mi	= 1.67262158d-27
	me	= 9.10938188d-31
	c	= 2.99792458d8
	e0	=	8.854187817d-12 
	u0	=	1.2566370614d-06 
	II	= dcomplex ( 0, 1 )
	k	= 1.3806504d-23
	_me_mi = 0.000544617d


