	common constants, e, me, mi, c, e0, u0, II

	e	= 1.60217646d-19
   	mi	= 1.67262158d-27
	me	= 9.10938188d-31
	c	= 299792458d0	
	e0	=	8.854187817d-12 
	u0	=	4d0 * !dpi * 10d0^(-7) 
	II	= dcomplex ( 0, 1 )


