	_e	= 1.60217646d-19
    _amu = 1.66053904d-27
   	_mi	= 1.00794*_amu
	_me	= 9.10938188d-31
	_c	= 2.99792458d8
	_e0	=	8.854187817d-12 
	_u0	=	1.2566370614d-06 
	_II	= dcomplex ( 0, 1 )
	_kb	= 1.3806504d-23
	_me_amu = _me/_amu
    


